5 2 3 4
3
4 50 30 10 3
300
2 1 40 27 3 (13,3),(16,1),(18,4)
4 2 41 11 2 (30,5),(36,4)
5 3 3 52 1 (2,3)
5 4 18 12 3 (11,1),(13,1),(14,4)
6 5 42 20 0
7 6 6 42 0
8 7 20 95 0
9 8 39 50 3 (3,3),(5,3),(24,3)
9 9 2 86 3 (2,1),(2,2),(2,5)
9 10 11 80 2 (2,1),(10,3)
13 11 39 90 1 (30,5)
13 12 44 24 1 (39,4)
13 13 45 71 0
13 14 42 9 3 (6,1),(23,4),(32,2)
14 15 17 60 0
14 16 37 13 0
18 17 14 35 3 (2,1),(2,2),(6,3)
19 18 25 58 2 (7,4),(25,5)
19 19 19 32 1 (14,4)
20 20 34 1 3 (16,2),(19,5),(26,3)
20 21 1 93 0
23 22 31 99 3 (5,5),(14,2),(15,2)
23 23 7 54 3 (1,4),(6,4),(6,4)
24 24 15 41 2 (13,3),(14,4)
25 25 33 78 0
25 26 1 51 3 (1,2),(1,3),(1,4)
26 27 29 56 2 (8,5),(20,4)
27 28 27 46 1 (9,3)
28 29 30 64 3 (5,4),(7,2),(28,1)
28 30 16 28 2 (4,3),(11,3)
29 31 6 80 1 (3,3)
29 32 2 81 3 (1,2),(2,1),(2,3)
30 33 41 92 1 (2,2)
31 34 25 24 2 (2,1),(10,3)
32 35 16 92 0
32 36 46 76 0
32 37 33 21 2 (25,3),(30,2)
34 38 14 32 0
35 39 23 80 2 (13,4),(22,2)
35 40 34 61 3 (5,3),(17,1),(17,5)
36 41 40 75 3 (11,3),(15,5),(17,4)
36 42 47 28 3 (31,1),(33,1),(33,4)
36 43 4 3 0
37 44 35 0 2 (2,3),(11,2)
38 45 15 51 2 (4,1),(6,3)
39 46 42 65 3 (1,2),(14,5),(15,4)
41 47 22 98 2 (5,2),(8,4)
42 48 26 70 1 (14,1)
42 49 36 97 2 (15,4),(34,4)
43 50 47 1 0
43 51 46 30 3 (11,4),(17,5),(43,4)
45 52 48 4 3 (36,2),(47,4),(48,5)
46 53 38 51 2 (4,3),(34,1)
48 54 29 24 2 (21,1),(29,2)
49 55 29 45 0
49 56 9 5 0
50 57 8 20 1 (5,3)
51 58 4 82 0
52 59 38 88 0
53 60 40 97 2 (25,2),(28,1)
54 61 30 64 2 (15,4),(17,5)
55 62 20 59 2 (10,4),(13,1)
56 63 11 6 2 (6,5),(10,3)
56 64 23 40 3 (16,4),(19,3),(20,5)
56 65 31 43 0
57 66 44 63 1 (16,4)
57 67 36 48 2 (11,3),(23,3)
57 68 8 72 2 (5,4),(7,5)
59 69 19 69 3 (3,3),(6,3),(17,4)
60 70 32 81 0
61 71 22 77 3 (11,5),(13,3),(18,1)
63 72 8 56 3 (3,5),(6,2),(6,2)
66 73 6 89 3 (1,3),(1,5),(5,4)
66 74 36 91 2 (31,5),(33,3)
68 75 27 13 0
69 76 13 6 0
69 77 39 44 3 (1,5),(25,1),(33,2)
70 78 29 14 1 (11,1)
70 79 35 89 1 (33,1)
71 80 1 87 0
72 81 20 71 3 (3,2),(5,4),(14,1)
72 82 31 65 3 (2,3),(4,4),(29,5)
73 83 34 27 0
74 84 40 44 1 (1,5)
74 85 40 53 2 (2,1),(15,4)
75 86 4 93 0
76 87 43 41 2 (12,3),(39,4)
78 88 49 54 2 (17,1),(49,2)
79 89 13 99 2 (3,5),(4,1)
79 90 49 31 1 (29,1)
81 91 7 48 3 (2,5),(3,2),(3,5)
81 92 16 76 3 (2,3),(3,3),(6,3)
85 93 4 1 3 (1,4),(3,2),(4,4)
85 94 28 32 3 (22,3),(26,4),(28,3)
87 95 3 73 1 (2,4)
89 96 9 20 0
89 97 9 99 1 (3,4)
92 98 30 30 3 (3,2),(20,3),(23,3)
92 99 18 20 3 (4,3),(5,2),(11,5)
92 100 23 44 0
93 101 10 68 3 (2,4),(5,1),(10,2)
94 102 39 28 2 (16,4),(39,5)
95 103 5 47 2 (3,1),(4,4)
95 104 15 11 1 (15,3)
98 105 21 25 3 (15,2),(15,5),(20,5)
98 106 22 67 3 (4,4),(9,1),(14,1)
99 107 32 67 3 (22,2),(25,1),(31,5)
99 108 21 23 1 (1,3)
100 109 39 26 1 (10,1)
103 110 27 54 3 (9,3),(12,3),(22,2)
103 111 43 45 2 (27,1),(40,1)
104 112 25 27 3 (15,1),(16,3),(22,5)
104 113 8 15 1 (7,5)
105 114 34 4 0
107 115 21 95 2 (8,1),(9,1)
107 116 33 87 0
107 117 20 79 2 (3,1),(20,5)
108 118 36 90 3 (31,2),(34,4),(35,2)
109 119 18 0 2 (11,3),(16,5)
110 120 32 81 1 (24,5)
110 121 37 54 1 (12,5)
110 122 17 27 2 (2,5),(3,2)
110 123 13 49 3 (5,2),(8,5),(9,3)
111 124 25 39 3 (5,3),(13,4),(19,3)
111 125 27 35 3 (17,3),(17,4),(23,5)
111 126 9 19 3 (2,4),(4,2),(9,3)
112 127 37 76 1 (24,1)
112 128 31 60 3 (3,5),(20,2),(26,4)
113 129 36 29 2 (2,4),(8,2)
117 130 47 59 3 (4,1),(22,5),(47,3)
117 131 36 32 3 (17,5),(21,2),(36,3)
117 132 31 37 3 (20,1),(22,5),(29,4)
117 133 24 19 3 (4,3),(16,4),(20,4)
118 134 4 63 3 (1,4),(1,5),(3,3)
120 135 19 37 0
122 136 34 6 0
122 137 48 89 3 (12,3),(16,1),(26,2)
122 138 28 77 2 (7,5),(7,5)
123 139 17 28 0
123 140 46 35 3 (18,1),(33,3),(33,4)
124 141 44 90 1 (21,2)
126 142 16 79 3 (1,2),(3,4),(16,3)
127 143 31 19 3 (4,3),(7,4),(18,4)
127 144 2 5 3 (1,3),(1,4),(1,4)
128 145 27 74 1 (4,1)
130 146 27 31 0
130 147 13 44 3 (2,5),(8,1),(9,1)
132 148 34 2 0
134 149 43 79 2 (35,3),(35,5)
134 150 42 78 0
134 151 50 36 2 (1,3),(39,5)
135 152 23 71 0
135 153 18 82 2 (7,3),(13,1)
136 154 38 10 1 (6,1)
137 155 39 51 2 (24,1),(28,1)
137 156 29 47 0
138 157 10 92 3 (1,1),(8,3),(10,2)
138 158 31 6 1 (1,3)
139 159 14 80 0
140 160 41 55 0
140 161 24 58 1 (16,3)
142 162 22 12 3 (2,3),(9,1),(21,2)
142 163 20 80 2 (1,2),(1,5)
145 164 4 77 3 (2,2),(3,1),(4,1)
146 165 36 56 0
146 166 17 20 1 (1,4)
147 167 31 1 3 (14,5),(21,5),(25,5)
147 168 29 6 0
148 169 17 58 0
150 170 45 73 3 (10,1),(12,1),(37,1)
151 171 6 6 3 (5,4),(5,5),(5,5)
151 172 46 47 2 (11,4),(26,4)
152 173 21 58 2 (8,1),(11,5)
152 174 32 17 0
152 175 41 66 2 (15,5),(17,2)
152 176 38 56 2 (1,5),(23,1)
152 177 1 35 1 (1,4)
152 178 17 26 2 (15,1),(15,3)
157 179 22 60 0
159 180 17 34 0
159 181 43 29 1 (11,2)
159 182 35 62 0
159 183 50 51 1 (10,1)
159 184 50 20 3 (23,3),(39,3),(41,4)
161 185 23 75 2 (13,5),(18,5)
162 186 47 66 2 (17,1),(47,5)
167 187 41 77 0
167 188 6 76 1 (6,1)
167 189 42 49 1 (26,3)
168 190 27 74 2 (2,1),(26,4)
171 191 4 82 3 (2,3),(4,2),(4,4)
171 192 27 14 0
176 193 30 0 3 (20,3),(22,1),(25,5)
176 194 48 90 0
178 195 46 23 2 (21,2),(21,3)
178 196 20 51 0
179 197 29 25 1 (5,1)
179 198 24 69 1 (1,5)
180 199 49 74 3 (21,1),(23,3),(24,3)
181 200 10 30 0
181 201 47 38 0
184 202 27 79 0
184 203 9 87 3 (6,1),(7,4),(8,4)
188 204 31 24 1 (13,2)
192 205 42 28 0
192 206 8 40 1 (6,2)
193 207 18 22 0
193 208 9 29 3 (1,5),(2,2),(2,3)
195 209 2 89 3 (2,1),(2,4),(2,5)
196 210 7 89 3 (5,2),(5,5),(6,3)
201 211 38 70 0
203 212 29 21 3 (3,2),(4,1),(8,5)
203 213 14 39 3 (8,3),(9,3),(12,1)
207 214 4 36 2 (1,1),(3,1)
211 215 48 42 1 (14,5)
212 216 13 25 2 (6,4),(8,3)
213 217 9 0 0
213 218 6 90 0
213 219 40 22 0
216 220 40 52 2 (6,2),(24,4)
217 221 9 41 1 (7,5)
217 222 44 58 0
217 223 11 70 3 (5,4),(9,4),(10,2)
218 224 17 72 1 (9,1)
218 225 22 63 2 (14,1),(15,2)
219 226 41 42 1 (12,3)
219 227 31 15 0
220 228 14 14 1 (1,2)
221 229 26 49 3 (10,2),(23,2),(25,1)
222 230 13 77 1 (3,5)
222 231 39 18 0
223 232 2 74 1 (2,3)
223 233 6 16 0
224 234 2 81 2 (1,2),(2,5)
228 235 44 70 3 (4,5),(14,1),(24,1)
228 236 50 97 3 (3,3),(25,4),(34,4)
228 237 21 25 1 (18,3)
229 238 31 98 1 (6,1)
231 239 40 26 1 (9,4)
231 240 50 79 2 (3,2),(23,5)
233 241 26 82 2 (4,1),(12,4)
235 242 41 26 1 (31,5)
235 243 4 34 2 (1,3),(2,1)
235 244 13 29 1 (4,2)
236 245 4 79 0
238 246 49 15 0
238 247 33 15 3 (10,2),(10,5),(26,5)
240 248 30 76 3 (7,3),(17,3),(27,4)
240 249 37 73 1 (21,4)
240 250 13 39 1 (1,5)
240 251 32 33 1 (26,2)
241 252 31 41 2 (21,3),(25,1)
241 253 26 76 2 (4,5),(21,2)
241 254 28 9 0
243 255 10 55 2 (1,5),(10,1)
244 256 13 35 2 (9,3),(10,4)
244 257 11 41 1 (3,2)
245 258 3 54 0
245 259 39 61 0
245 260 44 22 0
247 261 16 88 2 (5,3),(16,3)
248 262 21 84 0
249 263 47 81 3 (5,4),(9,4),(14,5)
253 264 22 15 1 (6,3)
254 265 5 25 1 (5,1)
254 266 23 77 1 (22,2)
255 267 14 8 3 (2,4),(8,4),(10,5)
257 268 11 48 3 (4,5),(8,5),(9,3)
261 269 44 5 3 (1,3),(4,5),(9,3)
262 270 21 70 3 (18,3),(19,2),(20,2)
262 271 48 44 3 (30,3),(41,1),(45,2)
263 272 4 4 0
263 273 1 9 3 (1,1),(1,1),(1,1)
264 274 14 33 2 (10,4),(14,2)
267 275 7 64 1 (6,3)
268 276 43 72 3 (12,3),(21,2),(37,1)
269 277 23 6 0
269 278 36 17 3 (10,3),(16,1),(31,3)
273 279 11 18 1 (8,4)
277 280 15 98 3 (1,2),(5,1),(9,4)
278 281 27 85 3 (6,5),(12,2),(26,1)
278 282 32 92 0
278 283 40 65 3 (21,3),(36,5),(39,4)
280 284 1 24 1 (1,4)
282 285 31 71 1 (14,5)
282 286 33 63 3 (1,4),(12,5),(29,2)
283 287 26 64 1 (12,1)
286 288 37 1 0
287 289 10 97 1 (6,2)
287 290 38 92 1 (28,1)
289 291 14 20 0
291 292 23 89 0
291 293 36 66 3 (3,2),(14,2),(31,3)
291 294 46 71 0
293 295 49 21 1 (48,4)
296 296 18 27 3 (1,5),(9,3),(17,5)
297 297 41 62 1 (36,2)
299 298 40 66 1 (18,3)
300 299 1 6 3 (1,2),(1,3),(1,4)
300 300 36 4 3 (14,2),(24,5),(28,3)
48 178
74 112
161 214
216 74
221 101
464 233
554 118
572 77
600 62
753 265
812 16
