0 0 0 4
3 5
4 50 100 10 10
35
1 1 6 7 2 (1,14),(4,11)
3 2 21 51 1 (15,6)
5 3 1 8 3 (1,3),(1,4),(1,8)
5 4 34 203 3 (14,4),(27,8),(34,3)
6 5 23 301 3 (11,5),(18,9),(23,2)
8 6 7 31 1 (6,9)
8 7 47 93 0 
9 8 27 291 1 (24,13)
10 9 32 326 1 (25,4)
12 10 32 134 0 
13 11 43 162 0 
14 12 22 81 0 
15 13 37 633 3 (20,4),(21,11),(37,3)
16 14 2 181 0 
17 15 45 285 0 
17 16 7 94 3 (2,3),(4,5),(7,5)
17 17 47 191 2 (13,13),(46,15)
22 18 31 415 0 
23 19 39 183 0 
23 20 18 393 1 (14,11)
23 21 19 41 3 (5,1),(9,2),(12,6)
24 22 16 132 0 
24 23 8 347 0 
26 24 47 381 0 
27 25 49 440 1 (49,5)
28 26 16 183 2 (4,10),(12,9)
29 27 45 123 2 (16,4),(42,2)
29 28 47 80 3 (5,6),(27,10),(31,12)
29 29 32 71 1 (17,14)
30 30 50 89 1 (9,2)
32 31 32 124 3 (10,10),(12,5),(22,13)
33 32 14 293 0 
33 33 14 398 3 (1,9),(9,7),(13,12)
33 34 17 463 3 (2,8),(4,9),(9,7)
34 35 12 274 2 (3,13),(11,5)
21 28
29 20
48 7
107 5
113 25
210 22
232 10
271 33
288 24
306 19