4 0 1 1
3 5
4 50 30 40 30
35
1 1 38 25 0
1 2 41 81 0
1 3 43 44 2 (12,5),(35,12)
2 4 8 65 2 (7,8),(8,13)
2 5 45 67 0
2 6 33 96 2 (12,1),(19,14)
3 7 34 74 2 (5,15),(31,7)
5 8 46 51 0
6 9 11 18 3 (1,6),(2,10),(6,14)
6 10 4 28 2 (4,10),(4,10)
6 11 7 89 3 (5,1),(5,3),(5,11)
9 12 46 73 1 (8,1)
10 13 12 49 3 (3,14),(5,5),(7,7)
11 14 37 98 1 (28,7)
12 15 48 84 1 (35,6)
13 16 21 99 2 (6,9),(7,7)
14 17 48 67 1 (35,6)
14 18 20 53 1 (13,6)
17 19 42 57 3 (8,10),(23,3),(40,9)
19 20 3 80 0
19 21 35 64 2 (29,8),(30,5)
21 22 44 74 2 (12,14),(27,14)
21 23 46 67 0
22 24 24 64 1 (1,11)
23 25 49 85 2 (8,12),(35,13)
25 26 19 73 3 (1,4),(4,12),(10,15)
25 27 2 90 2 (1,3),(2,7)
25 28 48 78 3 (21,2),(36,12),(47,9)
26 29 3 42 3 (1,2),(1,2),(1,3)
26 30 26 67 0
28 31 9 50 3 (1,11),(2,8),(9,12)
30 32 41 89 2 (4,2),(15,4)
31 33 43 90 3 (5,1),(11,6),(37,14)
34 34 18 271 3 (1,4),(7,9),(14,10)
35 35 36 123 3 (21,8),(27,8),(29,2)
23 1
25 4
73 20
101 2
336 8
343 32
384 13