3 2 2 1
3 5
4 50 100 10 1
35
1 1 33 60 2 (12,12),(31,2)
1 2 14 325 2 (10,8),(13,3)
2 3 31 20 3 (3,1),(20,10),(28,6)
5 4 5 30 1 (4,3)
6 5 28 40 1 (1,11)
9 6 42 100 3 (5,11),(38,14),(40,12)
9 7 21 612 3 (4,5),(15,2),(18,8)
10 8 19 531 0
10 9 39 45 0
10 10 39 81 3 (7,13),(9,3),(21,15)
11 11 26 96 2 (13,4),(16,11)
11 12 37 200 2 (1,14),(36,8)
12 13 36 120 3 (26,5),(28,14),(36,15)
12 14 22 6 1 (22,5)
13 15 44 310 3 (10,9),(22,3),(26,13)
14 16 32 200 1 (11,14)
15 17 47 1 3 (2,14),(8,4),(8,7)
20 18 22 330 0
21 19 29 120 3 (3,8),(8,2),(11,11)
22 20 8 320 0
22 21 41 88 2 (11,9),(17,10)
23 22 50 55 0
24 23 43 120 2 (7,12),(33,13)
24 24 25 20 3 (6,10),(10,5),(12,5)
25 25 12 350 2 (4,4),(5,4)
25 26 15 120 2 (8,9),(13,12)
27 27 9 740 3 (1,1),(3,13),(7,15)
29 28 23 120 0
29 29 34 30 3 (6,5),(25,9),(29,5)
30 30 5 350 3 (2,11),(3,8),(4,6)
32 31 18 50 1 (18,13)
34 32 27 320 2 (7,14),(21,9)
34 33 40 120 0
34 34 23 102 0
35 35 11 560 1 (10,8)
62 23
90 19
188 34
189 27
245 13
287 33
298 22
299 17
301 11
329 2