1 1 1 1
3 3
20 5 100 10 1
35
1 1 10 129 0
3 2 22 210 1 (8,8)
4 3 20 138 3 (5,8),(15,1),(18,2)
5 4 21 79 3 (5,11),(12,4),(16,6)
5 5 29 24 0
6 6 5 121 0
6 7 11 88 1 (11,14)
7 8 43 63 3 (2,13),(30,8),(32,5)
8 9 36 815 1 (19,3)
9 10 1 629 3 (1,7),(1,7),(1,9)
9 11 8 421 1 (7,7)
10 12 19 93 2 (8,14),(10,7)
14 13 25 96 1 (12,10)
16 14 12 192 1 (12,5)
17 15 48 328 3 (6,14),(27,1),(40,1)
18 16 18 118 1 (3,12)
22 17 35 822 3 (6,9),(12,8),(15,8)
25 18 18 424 1 (16,7)
26 19 22 31 0
26 20 22 227 1 (22,3)
26 21 43 118 3 (1,6),(24,12),(32,5)
27 22 28 318 0
27 23 17 229 0
28 24 21 114 3 (10,13),(17,1),(21,3)
28 25 16 82 2 (3,11),(15,9)
29 26 6 125 0
29 27 8 34 1 (6,6)
29 28 8 126 1 (6,1)
31 29 22 121 3 (8,15),(11,11),(16,10)
31 30 21 101 0
31 31 8 117 0
31 32 47 117 2 (14,14),(21,11)
32 33 35 141 0
34 34 16 126 2 (3,2),(7,13)
34 35 37 216 0
63 10
71 12
77 15
94 20
154 8
219 17
228 33
238 13
308 26
318 3
339 16
397 34