1 1 3 0
3 5
4 30 100 10 1
35
1 1 41 12 2 (1,13),(11,13)
2 2 37 54 3 (5,6),(9,5),(15,9)
4 3 31 123 0 
5 4 6 13 0 
6 5 33 65 0
7 6 20 12 1 (9,14)
9 7 2 21 1 (1,13)
10 8 31 50 0
10 9 47 76 1 (35,13)
12 10 48 98 3 (2,4),(10,1),(48,3)
13 11 11 94 0
15 12 47 41 1 (19,11)
16 13 49 83 2 (16,4),(27,13)
17 14 42 12 2 (2,12),(19,12)
18 15 2 31 2 (1,3),(11,11)
18 16 48 55 1 (20,3)
19 17 11 83 0
19 18 26 102 3 (7,9),(12,2),(22,7)
22 19 33 200 1 (17,13)
25 20 45 132 2 (3,8),(35,15)
25 21 48 78 0
26 22 42 143 3 (14,9),(29,6),(32,13)
26 23 1 40 1 (1,4)
27 24 28 45 1 (6,3)
27 25 50 193 3 (12,8),(34,13),(47,7)
28 26 40 51 0
29 27 43 96 3 (2,10),(27,13),(40,1)
30 28 13 71 0
30 29 36 98 2 (18,8),(29,6)
30 30 29 100 0
30 31 10 41 3 (3,11),(5,13),(10,12)
32 32 34 54 0
33 33 6 64 3 (1,13),(4,3),(4,8)
33 34 2 128 3 (1,8),(1,11),(2,2)
35 35 24 87 0
221 21
286 17
385 16