1 1 1 1
3 4
4 50 100 50 30
35
3 1 24 41 0
4 2 34 61 2 (2,4),(27,10)
4 3 16 100 3 (1,15),(7,3),(10,11)
5 4 40 50 2 (3,10),(21,3)
6 5 33 71 3 (13,14),(19,5),(23,10)
9 6 46 32 0
10 7 41 134 1 (34,7)
11 8 24 71 2(1,15),(5,6)
11 9 48 90 2 (25,2),(28,11)
12 10 7 27 1 (6,4)
13 11 49 90 2 (28,11),(35,13)
13 12 21 70 3 (11,4),(15,10),(21,11)
15 13 34 90 0
15 14 46 100 0
17 15 28 123 1 (15,6)
17 16 40 82 2 (9,15),(15,14)
18 17 4 25 1 (1,5)
18 18 7 214 0
18 19 39 80 3 (11,7),(14,14),(22,15)
20 20 37 98 2 (10,11),(35,6)
21 21 30 33 2 (1,6),(24,6)
22 22 44 233 0
24 23 18 121 2 (6,10),(17,3)
25 24 33 232 0
26 25 47 98 2 (8,8),(24,8)
27 26 5 170 3 (4,1),(5,9),(5,13)
30 27 4 147 2 (3,4),(4,9)
33 28 41 74 2 (18,8),(37,6)
33 29 22 89 1 (1,3)
34 30 35 90 2 (3,2),(7,11)
34 31 7 190 0
35 32 27 67 1 (15,15)
35 33 31 65 0
35 34 15 91 2 (5,14),(13,12)
35 35 28 71 1 (6,2)
290 32