2 1 3 2
3 5
4 50 100 10 1
35
1 1 41 2 (11,13),(11,13)
2 2 37 3 (5,6),(9,5),(15,9)
4 3 31 0 
5 4 6 0 
6 5 33 0
7 6 20 1 (9,14)
9 7 2 1 (1,13)
10 8 31 0
10 9 47 1 (35,13)
12 10 48 3 (2,4),(10,1),(48,3)
13 11 11 0
15 12 47 1 (19,11)
16 13 49 2 (16,4),(27,13)
17 14 42 2 (2,12),(19,12)
18 15 2 2 (1,3),(1,11)
18 16 48 1 (20,3)
19 17 11 0
19 18 26 3 (7,9),(12,2),(22,7)
22 19 33 1 (17,13)
25 20 45 2 (3,8),(35,15)
25 21 48 0
26 22 42 3 (14,9),(29,6),(32,13)
26 23 1 1 (1,4)
27 24 28 1 (6,3)
27 25 50 3 (12,8),(34,13),(47,7)
28 26 40 0
29 27 43 3 (2,10),(27,13),(40,1)
30 28 13 0
30 29 36 2 (18,8),(29,6)
30 30 29 0
30 31 10 3 (3,11),(5,13),(10,12)
32 32 34 0
33 33 6 3 (1,13),(4,3),(4,8)
33 34 2 3 (1,8),(1,11),(2,2)
35 35 24 0
221 21
286 17
385 16