2 2 2
3 5
4 50 5 100 0
35
3 1 12 3 (4,10),(4,11),(11,12)
4 2 38 0
5 3 2 2 (1,7),(1,8)
5 4 48 0
6 5 5 2 (4,15),(5,9)
7 6 41 0
7 7 47 3 (8,13),(11,1),(34,9)
8 8 11 1 (1,1)
9 9 21 2 (17,4),(17,10)
9 10 28 1 (2,9)
11 11 14 2 (7,2),(14,3)
13 12 28 1 (19,6)
14 13 39 3 (7,11),(13,14),(38,13)
14 14 17 0
16 15 7 3 (3,4),(6,6),(6,12)
16 16 23 2 (7,6),(21,12)
16 17 5 0
17 18 13 3 (7,11),(9,6),(13,14)
18 19 16 1 (2,11)
18 20 8 2 (3,5),(6,3)
19 21 11 0
19 22 25 3 (7,1),(21,1),(22,14)
20 23 41 0
22 24 6 1 (6,12)
23 25 35 1 (26,8)
23 26 23 3 (7,1),(9,15),(21,3)
26 27 24 1 (19,1)
27 28 44 1 (5,8)
27 29 32 2 (10,9),(25,1)
28 30 3 3 (1,4),(2,11),(3,13)
29 31 42 2 (7,1),(13,15)
29 32 38 2 (11,7),(22,5)
31 33 11 0
32 34 46 0
35 35 30 0
8 7
32 8
60 5
107 31
115 22
169 19
246 35
283 9
289 11