TT				PID				AT				CT				IO_D					WT				RT				TRT
5				3				5				1				15 						0				5				1
24				6				8				7				9 						10				8				17
33				1				1				6				25 						27				1				33
44				2				3				21				6 						21				3				42
52				12				14				22				0 						17				14				39
59				21				23				19				9 						18				23				37
68				22				24				16				0 						29				24				45
75				29				29				32				14 						15				29				47
94				28				29				47				28 						19				29				66
124				7				8				47				0 						70				8				117
134				30				30				50				2 						55				30				105
151				16				17				7				13 						128				17				135
183				10				12				32				0 						140				12				172
189				27				29				45				6 						116				29				161
201				14				16				2				0 						184				16				186
212				11				13				43				0 						157				13				200
215				31				32				32				28 						152				32				184
249				26				28				16				19 						206				28				222
255				19				23				39				0 						194				23				233
296				4				5				34				15 						258				5				292
303				8				9				27				13 						268				9				295
307				35				34				12				18 						262				34				274
316				15				17				45				0 						255				17				300
324				9				10				32				4 						283				10				315
330				32				33				14				0 						284				33				298
332				17				17				47				28 						269				17				316
337				5				6				23				16 						309				6				332
338				23				24				8				0 						307				24				315
345				20				23				18				11 						305				23				323
358				18				22				31				0 						306				22				337
379				33				33				14				28 						333				33				347
385				24				26				47				0 						313				26				360
385				25				27				49				5 						310				27				359
402				34				33				17				24 						353				33				370
414				13				15				37				18 						363				15				400

Processes: 35
Avg WT: 181, 		Avg RT = 19, 		Avg TRT = 207
Migration %: 			RTF = 0%, 		MaxW = 0%
Work Steal %: 8.57143%
Forked Process: 0%
Killed Process: 0%
Early Process: 37.1429%

Processors: 4[0 FCFS, 0 SJR, 0 RR,4 EDF]
Processors Load
p1 = 4.82474%,		p2 = 3.23024%,		p3 = 2.85911%,		p4 = 1.81443%


Processors Utiliz
p1 = 88.8608%,		p2 = 59.4937%,		p3 = 52.6582%,		p4 = 35.2%
Avg utilization = 59.0532
