TT				PID				AT				CT				IO_D					WT				RT				TRT
83				626				26				45				0 						12				26				57
83				148				75				9				0 						-1				75				8
141				6				8				134				0 						-1				8				133
159				12				21				134				0 						4				21				138
195				3				3				134				0 						58				3				192
195				522				89				48				0 						58				89				106
195				971				26				111				0 						58				26				169
205				9				18				134				0 						53				18				187
205				704				121				85				0 						-1				121				84
205				836				106				100				0 						-1				106				99
306				148				257				27				0 						22				257				49
308				30				67				134				0 						107				67				241
312				373				219				41				0 						52				219				93
403				21				49				134				0 						220				49				354
407				11				20				56				37 						331				20				387
415				5				6				56				37 						353				6				409
419				23				55				56				37 						308				55				364
421				27				64				134				0 						223				64				357
421				383				329				93				0 						-1				329				92
425				2				2				56				37 						367				2				423
470				26				63				56				37 						351				63				407
480				611				328				39				0 						113				328				152
484				18				41				134				0 						309				41				443
486				24				56				134				0 						296				56				430
542				777				368				123				0 						51				368				174
542				178				422				121				0 						-1				422				120
542				133				486				57				0 						-1				486				56
564				29				66				56				37 						442				66				498
618				8				15				56				37 						547				15				603
619				14				32				56				37 						531				32				587
622				17				40				56				37 						526				40				582
622				471				597				13				0 						12				597				25
627				1				0				200				0 						427				0				627
635				4				5				200				37 						430				5				630
668				20				47				56				37 						565				47				621
705				16				36				200				37 						469				36				669
705				284				580				85				0 						40				580				125
705				684				647				59				0 						-1				647				58
713				22				53				200				37 						460				53				660
719				13				27				200				37 						492				27				692
733				10				19				200				37 						514				19				714
734				15				35				134				0 						565				35				699
746				25				57				200				37 						489				57				689
762				28				65				200				37 						497				65				697
764				19				42				200				37 						522				42				722
785				7				9				200				37 						576				9				776
785				669				743				43				0 						-1				743				42

Processes: 47
Avg WT: 243, 		Avg RT = 137, 		Avg TRT = 349
Migration %: 			RTF = 25.5319%, 		MaxW = 14.8936%
Work Steal %: 55.3191%
Forked Process: 36.1702%
Killed Process: 0%

Processors: 6[2 FCFS, 2 SJR, 2RR]
Processors Load
p1 = 22.5059%,		p2 = 23.3313%,		p3 = 23.3779%,		p4 = 11.8081%,		p5 = inf%,		p6 = inf%


Processors Utiliz
p1 = 97.5827%,		p2 = 95.1654%,		p3 = 91.2214%,		p4 = 91.7303%,		p5 = 88.2952%,		p6 = 89.8219%
Avg utilization = 92.3028
