TT				PID				AT				CT				IO_D					WT				RT				TRT
8				7				7				47				23 						2				7				2
14				36				3				12				0 						0				3				12
14				39				3				12				0 						4				3				12
14				45				8				11				0 						7				8				7
14				42				4				11				0 						11				4				11
14				44				7				12				0 						8				7				8
14				37				3				12				0 						1				3				12
14				43				4				11				0 						11				4				11
14				38				3				12				0 						1				3				12
14				41				4				11				0 						11				4				11
24				40				4				11				0 						10				4				21
24				46				14				11				0 						11				14				11
24				50				15				10				0 						10				15				10
32				8				8				11				1 						25				8				25
52				2				4				38				0 						11				4				49
52				53				16				37				0 						37				16				37
52				49				15				38				0 						38				15				38
60				5				6				5				24 						51				6				55
60				48				15				5				0 						46				15				46
60				52				16				4				0 						45				16				45
61				4				5				48				0 						9				5				57
61				47				14				48				0 						24				14				48
61				61				38				48				0 						24				38				24
61				62				39				47				0 						23				39				23
61				51				15				47				0 						47				15				47
66				17				16				5				0 						46				16				51
66				67				63				4				0 						4				63				4
66				65				62				5				0 						5				62				5
66				6				7				41				0 						19				7				60
66				57				26				41				0 						41				26				41
66				58				27				40				0 						40				27				40
82				21				19				11				0 						53				19				64
82				76				73				10				0 						10				73				10
82				75				72				11				0 						11				72				11
85				14				14				17				0 						55				14				72
85				73				69				17				0 						17				69				17
85				74				70				16				0 						16				70				16
86				55				20				20				0 						47				20				67
86				71				68				19				0 						19				68				19
86				69				67				20				0 						20				67				20
88				56				25				2				0 						62				25				64
88				88				88				1				0 						1				88				1
88				86				87				2				0 						2				87				2
91				1				3				12				33 						77				3				89
91				84				85				7				0 						7				85				7
91				83				84				8				0 						8				84				8
107				31				29				42				16 						79				29				79
108				24				22				6				12 						81				22				87
108				99				103				6				0 						6				103				6
108				100				104				5				0 						5				104				5
114				54				19				21				0 						75				19				96
114				96				95				20				0 						20				95				20
114				94				94				21				0 						21				94				21
115				22				19				25				16 						90				19				97
115				98				97				24				0 						19				97				19
115				97				96				25				0 						20				96				20
123				33				31				11				0 						82				31				93
123				106				114				10				0 						10				114				10
123				105				113				11				0 						11				113				11
123				23				20				41				0 						63				20				104
123				82				84				40				0 						40				84				40
123				81				83				41				0 						41				83				41
125				3				5				2				15 						119				5				121
125				114				125				1				0 						1				125				1
153				35				35				30				0 						89				35				119
153				111				124				30				0 						30				124				30
153				113				125				29				0 						29				125				29
153				59				36				28				0 						90				36				118
153				115				126				28				0 						28				126				28
153				117				127				27				0 						27				127				27
163				60				37				27				0 						100				37				127
163				120				138				26				0 						26				138				26
163				119				137				27				0 						27				137				27
169				19				18				16				11 						150				18				152
169				92				93				15				0 						77				93				77
169				91				92				16				0 						78				92				78
180				64				54				27				0 						100				54				127
180				125				155				26				0 						26				155				26
180				123				154				27				0 						27				154				27
186				34				32				46				0 						109				32				155
186				122				142				45				0 						45				142				45
186				121				141				46				0 						46				141				46
191				63				53				28				0 						111				53				139
191				127				164				28				0 						28				164				28
191				128				165				27				0 						27				165				27
192				70				67				39				0 						87				67				126
192				126				155				38				0 						38				155				38
192				124				154				39				0 						39				154				39
194				66				62				14				0 						119				62				133
194				130				182				13				0 						13				182				13
194				129				181				14				0 						14				181				14
200				12				13				28				6 						160				13				188
200				135				193				8				0 						8				193				8
200				133				192				9				0 						9				192				9
207				68				63				13				0 						132				63				145
207				138				196				12				0 						12				196				12
207				137				195				13				0 						13				195				13
212				10				9				28				9 						176				9				204
212				132				188				25				0 						25				188				25
212				131				187				26				0 						26				187				26
213				95				94				7				0 						113				94				120
213				142				208				6				0 						6				208				6
213				140				207				7				0 						7				207				7
214				11				11				14				5 						190				11				204
214				143				209				6				0 						6				209				6
214				141				208				7				0 						7				208				7
219				77				74				7				0 						139				74				146
219				144				213				7				0 						7				213				7
219				145				214				6				0 						6				214				6
225				78				75				6				0 						145				75				151
225				152				221				5				0 						5				221				5
225				150				220				6				0 						6				220				6
227				85				86				13				0 						129				86				142
227				147				216				12				0 						12				216				12
227				146				215				13				0 						13				215				13
230				72				68				38				0 						125				68				163
230				136				194				37				0 						37				194				37
230				134				193				38				0 						38				193				38
248				79				77				23				0 						149				77				172
248				154				227				22				0 						22				227				22
248				153				226				23				0 						23				226				23
251				89				89				24				0 						139				89				163
251				156				229				23				0 						23				229				23
251				155				228				24				0 						24				228				24
252				80				78				22				0 						153				78				175
252				158				232				21				0 						21				232				21
252				157				231				22				0 						22				231				22
259				93				93				8				0 						159				93				167
259				162				253				7				0 						7				253				7
259				161				252				8				0 						8				252				8
261				102				109				43				0 						110				109				153
261				149				219				43				0 						43				219				43
261				151				220				42				0 						42				220				42
267				87				87				12				0 						169				87				181
267				165				256				12				0 						12				256				12
267				166				257				11				0 						11				257				11
271				90				90				23				0 						159				90				182
271				160				250				22				0 						22				250				22
271				159				249				23				0 						23				249				23
276				27				26				24				1 						227				26				251
276				174				273				4				0 						4				273				4
276				173				272				5				0 						5				272				5
282				103				109				23				0 						151				109				174
282				167				260				23				0 						23				260				23
282				168				261				22				0 						22				261				22
283				9				9				21				14 						258				9				275
293				109				116				32				0 						146				116				178
293				169				262				32				0 						32				262				32
293				170				263				31				0 						31				263				31
298				104				110				22				0 						167				110				189
298				176				278				21				0 						21				278				21
298				175				277				22				0 						22				277				22
317				107				115				35				0 						168				115				203
317				180				284				34				0 						34				284				34
317				178				283				35				0 						35				283				35
325				101				108				44				0 						174				108				218
325				179				283				43				0 						43				283				43
325				177				282				44				0 						44				282				44
329				110				117				31				0 						182				117				213
329				183				299				31				0 						31				299				31
329				184				300				30				0 						30				300				30
331				116				126				38				0 						168				126				206
331				181				294				38				0 						38				294				38
331				182				295				37				0 						37				295				37
332				112				124				3				0 						206				124				209
332				190				331				2				0 						2				331				2
332				189				330				3				0 						3				330				3
356				28				27				44				8 						286				27				330
356				186				326				31				0 						31				326				31
356				185				318				39				0 						39				318				39
359				108				116				34				0 						210				116				244
359				187				326				34				0 						34				326				34
359				188				327				33				0 						33				327				33
363				148				216				5				0 						143				216				148
363				201				360				4				0 						4				360				4
363				198				359				5				0 						5				359				5
364				139				201				32				0 						132				201				164
364				192				333				32				0 						32				333				32
364				194				334				31				0 						31				334				31
365				25				23				35				8 						308				23				343
365				199				360				6				0 						6				360				6
365				197				357				9				0 						9				357				9
365				16				16				23				18 						327				16				350
365				172				269				15				0 						97				269				97
365				171				268				16				0 						97				268				98
365				205				365				16				0 						1				365				1
367				191				332				2				0 						34				332				36
367				209				367				1				0 						1				367				1
367				207				366				2				0 						2				366				2
368				30				28				3				28 						338				28				341
368				210				368				1				0 						1				368				1
369				18				17				13				31 						340				17				353
369				208				367				3				0 						3				367				3
369				206				366				4				0 						4				366				4
371				20				18				8				8 						346				18				354
371				212				370				2				0 						2				370				2
371				214				371				1				0 						1				371				1
372				29				27				32				10 						314				27				346
372				195				334				21				0 						39				334				39
372				193				333				22				0 						40				333				40
375				163				253				4				0 						119				253				123
375				216				373				3				0 						3				373				3
375				215				372				4				0 						4				372				4
378				164				254				3				0 						122				254				125
378				220				377				2				0 						2				377				2
378				219				376				3				0 						3				376				3
388				200				360				16				0 						13				360				29
388				218				374				15				0 						15				374				15
388				217				373				16				0 						16				373				16
395				196				348				27				0 						21				348				48
395				213				370				26				0 						26				370				26
395				211				369				27				0 						27				369				27
398				118				127				37				0 						235				127				272
398				203				362				37				0 						17				362				37
398				221				379				37				0 						20				379				20
398				204				363				36				0 						36				363				36
398				222				380				36				0 						19				380				19
404				32				29				38				12 						338				29				376
404				226				398				7				0 						1				398				7
404				227				399				7				0 						6				399				6
404				223				395				10				0 						10				395				10
404				229				400				6				0 						5				400				5
413				202				361				15				0 						38				361				53
413				228				399				15				0 						6				399				15
413				231				405				15				0 						9				405				9
413				233				406				14				0 						8				406				8
413				230				400				14				0 						14				400				14
417				15				16				7				22 						395				16				402
417				239				417				1				0 						1				417				1
423				234				413				6				0 						5				413				11
423				241				419				5				0 						5				419				5
423				240				418				6				0 						6				418				6
427				232				405				14				0 						9				405				23
427				244				424				14				0 						4				424				4
427				237				415				13				0 						13				415				13
427				235				414				14				0 						11				414				14
427				245				425				13				0 						3				425				3
438				225				397				25				0 						17				397				42
438				236				414				25				0 						14				414				25
438				248				428				23				0 						11				428				11
438				246				427				24				0 						12				427				12
438				249				429				24				0 						10				429				10
438				238				415				24				0 						13				415				24
438				247				428				25				0 						11				428				11
438				13				14				39				38 						386				14				425
438				243				422				25				0 						17				422				17
438				250				438				1				0 						1				438				1
438				224				396				26				0 						25				396				43
438				242				421				26				0 						18				421				18
440				26				23				23				19 						395				23				418
440				254				439				2				0 						2				439				2
440				251				439				2				0 						1				439				2
440				255				440				1				0 						1				440				1
440				252				439				2				0 						1				439				2
440				253				439				2				0 						1				439				2

Processes: 255
Avg WT: 56, 		Avg RT = 189, 		Avg TRT = 63
Migration %: 			RTF = 0%, 		MaxW = 0%
Work Steal %: 0.784314%
Forked Process: 86.2745%
Killed Process: 2.7451%

Processors: 4[4 FCFS, 0 SJR, 0RR]
Processors Load
p1 = 2.70639%,		p2 = 2.70019%,		p3 = 2.70639%,		p4 = 2.70019%


Processors Utiliz
p1 = 99.093%,		p2 = 98.8662%,		p3 = 99.093%,		p4 = 98.8662%
Avg utilization = 98.9796
