TT				PID				AT				CT				IO_D					WT				RT				TRT
14				527				3				12				0 						0				3				12
14				995				3				12				0 						4				3				12
14				473				7				12				0 						8				7				8
14				493				4				11				0 						11				4				11
14				842				3				12				0 						1				3				12
14				553				8				11				0 						7				8				7
14				169				4				11				0 						11				4				11
25				951				4				11				0 						11				4				22
25				559				15				11				0 						1				15				11
25				40				17				10				0 						9				17				9
25				584				16				10				0 						10				16				10
25				384				16				11				0 						10				16				10
25				56				16				11				0 						1				16				10
25				419				17				10				0 						9				17				9
45				403				38				8				0 						0				38				8
45				678				38				8				0 						7				38				8
45				800				45				8				0 						1				45				1
45				757				39				7				0 						7				39				7
45				318				38				8				0 						1				38				8
45				133				39				7				0 						7				39				7
52				606				39				7				0 						7				39				14
52				548				46				7				0 						1				46				7
52				913				48				6				0 						5				48				5
52				660				47				6				0 						6				47				6
52				313				47				7				0 						6				47				6
52				286				47				7				0 						1				47				6
52				858				48				6				0 						5				48				5
58				1				3				12				33 						44				3				56
58				413				58				1				0 						1				58				1

Processes: 29
Avg WT: 6, 		Avg RT = 25, 		Avg TRT = 10
Migration %: 			RTF = 0%, 		MaxW = 0%
Work Steal %: 0%
Forked Process: 96.5517%
Killed Process: 0%

Processors: 3[3 FCFS, 0 SJR, 0RR]
Processors Load
p1 = 12.0401%,		p2 = 12.3746%,		p3 = 10.7023%


Processors Utiliz
p1 = 61.0169%,		p2 = 62.7119%,		p3 = 54.2373%
Avg utilization = 59.322
