TT				PID				AT				CT				IO_D					WT				RT				TRT
18				4				2				8				21 						9				2				17
19				10				6				4				20 						10				6				14
23				1				1				38				0 						1				1				23
23				41				3				36				0 						21				3				21
23				38				2				37				0 						22				2				22
23				36				1				38				0 						1				1				23
23				39				2				37				0 						22				2				22
41				2				1				41				0 						0				1				41
41				37				1				41				0 						30				1				41
41				43				8				34				0 						34				8				34
41				48				25				39				0 						17				25				17
41				47				24				40				0 						18				24				18
56				11				6				7				15 						44				6				51
61				45				20				20				0 						22				20				42
61				54				42				20				0 						20				42				20
61				55				44				18				0 						1				44				18
61				57				47				15				0 						15				47				15
61				56				45				17				0 						17				45				17
76				51				39				37				0 						1				39				38
76				53				42				35				0 						35				42				35
76				52				40				37				0 						37				40				37
89				58				50				26				0 						14				50				40
89				61				66				23				0 						24				66				24
89				60				63				26				0 						27				63				27
96				66				90				6				0 						1				90				7
101				49				31				25				0 						46				31				71
101				62				78				24				0 						7				78				24
101				63				80				22				0 						11				80				22
101				68				91				21				0 						11				91				11
101				65				82				20				0 						20				82				20
101				67				90				22				0 						12				90				12
101				64				81				21				0 						21				81				21
101				21				19				35				13 						48				19				83
101				70				98				4				0 						4				98				4
101				69				97				5				0 						5				97				5
103				20				19				3				0 						82				19				85
108				59				62				8				0 						39				62				47
108				71				101				8				0 						2				101				8
108				75				103				7				0 						6				103				6
108				74				103				6				0 						6				103				6
108				72				102				8				0 						7				102				7
116				29				26				3				7 						88				26				91
126				78				111				3				0 						13				111				16
126				83				126				1				0 						1				126				1
126				82				125				2				0 						2				125				2
142				73				103				39				0 						1				103				40
142				77				110				32				0 						33				110				33
142				81				112				30				0 						31				112				31
144				40				3				41				0 						101				3				142
163				27				25				2				10 						137				25				139
171				42				4				40				0 						128				4				168
171				88				145				27				0 						27				145				27
171				84				127				33				0 						45				127				45
171				76				106				36				0 						44				106				66
171				85				128				32				0 						44				128				44
171				79				111				33				0 						42				111				61
171				80				112				32				0 						60				112				60
174				44				13				21				0 						141				13				162
174				86				138				19				0 						37				138				37
174				46				21				19				0 						150				21				154
174				87				140				17				0 						35				140				35
197				89				175				23				0 						0				175				23
197				94				183				15				0 						15				183				15
197				92				177				21				0 						21				177				21
197				90				176				22				0 						14				176				22
197				93				177				21				0 						21				177				21
200				98				197				4				0 						0				197				4
200				101				200				1				0 						1				200				1
200				99				197				4				0 						4				197				4
200				30				26				26				0 						149				26				175
200				97				196				5				0 						2				196				5
218				91				177				21				0 						21				177				42
218				100				200				19				0 						1				200				19
218				102				201				18				0 						18				201				18
218				105				203				17				0 						0				203				16
218				107				205				15				0 						14				205				14
218				106				203				17				0 						16				203				16
218				104				202				18				0 						17				202				17
223				13				10				12				26 						202				10				214
224				18				14				20				6 						191				14				211
232				9				6				11				30 						216				6				227
241				96				195				36				0 						11				195				47
241				103				201				36				0 						18				201				41
241				110				219				30				0 						23				219				23
241				108				207				30				0 						12				207				35
241				113				225				24				0 						17				225				17
241				109				219				36				0 						23				219				23
241				112				221				34				0 						21				221				21
255				50				33				23				0 						200				33				223
255				111				220				16				0 						23				220				36
255				120				245				13				0 						11				245				11
255				116				242				14				0 						1				242				14
255				122				249				7				0 						7				249				7
255				121				245				11				0 						11				245				11
255				119				244				14				0 						12				244				12
272				31				28				9				31 						236				28				245
292				129				266				27				0 						0				266				27
292				131				271				22				0 						22				271				22
292				130				266				27				0 						27				266				27
307				24				22				24				11 						262				22				286
308				132				289				15				0 						5				289				20
308				137				297				12				0 						1				297				12
308				140				299				10				0 						10				299				10
308				139				298				11				0 						11				298				11
308				138				297				12				0 						12				297				12
308				117				242				31				0 						36				242				67
308				125				260				26				0 						49				260				49
308				128				263				25				0 						46				263				46
308				123				257				29				0 						50				257				52
308				124				259				28				0 						36				259				50
308				126				261				27				0 						48				261				48
328				115				234				31				0 						64				234				95
328				118				243				30				0 						86				243				86
328				145				311				17				0 						18				311				18
343				32				30				41				6 						299				30				314
347				8				5				46				0 						297				5				343
363				151				356				8				0 						0				356				8
363				155				362				2				0 						1				362				2
363				156				363				2				0 						1				363				1
363				154				360				4				0 						4				360				4
380				95				194				37				0 						150				194				187
380				148				330				30				0 						47				330				51
380				147				329				31				0 						52				329				52
380				127				262				31				0 						90				262				119
380				158				365				16				0 						16				365				16
380				150				332				28				0 						49				332				49
380				149				331				29				0 						50				331				50
381				159				369				12				0 						1				369				13
381				161				372				10				0 						10				372				10
381				160				370				12				0 						12				370				12
383				157				364				17				0 						3				364				20
383				163				373				11				0 						9				373				11
383				162				372				12				0 						12				372				12
384				23				21				46				0 						318				21				364
385				153				360				20				0 						6				360				26
392				3				1				43				17 						349				1				392
392				152				358				6				0 						35				358				35
397				17				14				48				6 						336				14				384
405				26				25				19				31 						362				25				381
413				12				9				46				1 						359				9				405
417				146				319				31				0 						68				319				99
417				167				388				29				0 						30				388				30
417				168				391				26				0 						27				391				27
426				16				13				21				16 						393				13				414
428				19				17				42				22 						370				17				412
433				164				382				41				0 						11				382				52
433				169				391				41				0 						43				391				43
433				170				393				39				0 						41				393				41
443				5				2				45				0 						397				2				442
446				7				3				34				22 						410				3				444
446				179				439				27				0 						8				439				8
446				177				437				29				0 						10				437				10
446				166				384				32				0 						50				384				63
446				180				442				24				0 						5				442				5
446				178				438				28				0 						3				438				9
446				114				233				32				0 						213				233				214
451				165				383				40				0 						29				383				69
451				172				413				39				0 						39				413				39
451				171				412				40				0 						40				412				40
455				136				293				38				0 						125				293				163
455				175				423				33				0 						33				423				33
455				176				424				32				0 						32				424				32
455				174				422				34				0 						34				422				34
455				173				420				36				0 						31				420				36
474				133				289				42				0 						144				289				186
474				187				460				15				0 						1				460				15
474				189				467				9				0 						8				467				8
474				188				466				10				0 						9				466				9
474				185				457				18				0 						18				457				18
475				183				456				20				0 						0				456				20
475				186				457				19				0 						19				457				19
475				184				456				20				0 						20				456				20
476				33				31				43				21 						403				31				446
476				190				475				2				0 						2				475				2
481				22				21				44				28 						417				21				461
487				142				309				41				0 						138				309				179
487				196				480				11				0 						8				480				8
487				143				309				41				0 						167				309				179
487				192				476				12				0 						4				476				12
487				195				480				36				0 						8				480				8
487				194				479				12				0 						9				479				9
487				191				475				41				0 						12				475				13
507				141				309				41				0 						158				309				199
507				144				310				40				0 						192				310				198
507				202				491				17				0 						17				491				17
507				181				447				40				0 						61				447				61
507				182				448				39				0 						60				448				60
507				197				487				20				0 						17				487				21
507				201				489				19				0 						19				489				19
529				6				2				33				15 						495				2				528
529				207				529				1				0 						1				529				1
547				203				509				39				0 						0				509				39
547				205				515				33				0 						32				515				33
547				204				509				39				0 						39				509				39
547				35				35				36				18 						477				35				513
561				28				25				48				23 						489				25				537
561				135				290				41				0 						235				290				272
561				206				519				29				0 						43				519				43
563				25				23				49				25 						492				23				541
563				213				557				18				0 						7				557				7
563				134				290				41				0 						244				290				274
563				199				488				40				0 						76				488				76
564				34				34				18				23 						513				34				531
566				209				534				32				0 						1				534				33
566				212				538				29				0 						29				538				29
566				210				535				32				0 						32				535				32
566				15				12				48				6 						507				12				555
566				211				535				31				0 						32				535				32
566				200				488				33				0 						73				488				79
566				198				487				34				0 						77				487				80
566				193				477				34				0 						60				477				90
566				208				532				20				0 						35				532				35
574				14				11				37				7 						527				11				564

Processes: 213
Avg WT: 75, 		Avg RT = 222, 		Avg TRT = 86
Migration %: 			RTF = 0%, 		MaxW = 12.6761%
Work Steal %: 4.69484%
Forked Process: 83.5681%
Killed Process: 0.938967%
Early Process: 8.4507%

Processors: 6[4 FCFS, 0 SJR, 1 RR, 1 EDF]
Processors Load
p1 = 2.31409%,		p2 = 2.06964%,		p3 = 2.04791%,		p4 = 2.10223%,		p5 = 2.50421%,		p6 = 2.03705%


Processors Utiliz
p1 = 85.2%,		p2 = 80.2105%,		p3 = 78.5417%,		p4 = 78.9796%,		p5 = 90.3922%,		p6 = 75.7576%
Avg utilization = 81.5136
