TT				PID				AT				CT				IO_D					WT				RT				TRT
21				37				6				9				0 						7				6				16
28				8				10				19				0 						0				10				19
29				4				5				5				3 						20				5				25
42				36				2				32				0 						9				2				41
42				41				21				22				0 						22				21				22
42				40				14				29				0 						1				14				29
42				43				30				13				0 						13				30				13
42				42				25				18				0 						18				25				18
53				31				32				18				13 						4				32				22
62				38				10				41				0 						12				10				53
62				45				41				22				0 						22				41				22
62				44				36				27				0 						27				36				27
65				39				11				23				0 						32				11				55
65				49				61				14				0 						5				61				5
65				46				47				19				0 						10				47				19
65				47				50				16				0 						16				50				16
69				35				35				11				8 						24				35				35
73				33				34				40				0 						0				34				40
75				18				20				22				0 						34				20				56
81				50				69				12				0 						1				69				13
81				51				76				6				0 						6				76				6
82				28				29				23				0 						31				29				54
85				16				14				32				14 						40				14				72
85				53				80				6				0 						6				80				6
90				19				21				29				21 						67				21				70
93				48				53				8				0 						33				53				41
93				55				90				4				0 						4				90				4
93				14				12				22				5 						60				12				82
104				34				34				23				0 						48				34				71
108				54				90				12				0 						7				90				19
109				52				78				30				0 						2				78				32
109				56				91				19				0 						18				91				19
109				59				107				3				0 						3				107				3
109				57				99				11				0 						1				99				11
109				58				101				9				0 						9				101				9
117				20				22				8				0 						88				22				96
120				12				11				37				22 						73				11				110
122				7				9				21				15 						93				9				114
124				25				25				12				8 						88				25				100
125				5				6				28				11 						92				6				120
127				3				2				31				17 						95				2				126
136				2				1				14				11 						122				1				136
136				9				10				39				0 						88				10				127
138				13				12				36				34 						91				12				127
139				62				137				2				0 						1				137				3
139				64				139				1				0 						1				139				1
139				63				138				2				0 						2				138				2
142				32				34				27				23 						82				34				109
150				30				30				5				25 						116				30				121
151				27				27				9				29 						116				27				125
153				1				1				33				14 						120				1				153
158				60				119				39				0 						1				119				40
158				66				151				8				0 						8				151				8
158				65				149				10				0 						1				149				10
158				67				153				6				0 						6				153				6
158				61				136				23				0 						1				136				23
159				26				25				15				21 						120				25				135
161				11				11				26				15 						125				11				151
163				24				24				25				20 						115				24				140
169				23				24				43				25 						103				24				146
183				68				160				24				0 						0				160				24
183				69				178				6				0 						1				178				6
184				10				10				39				31 						136				10				175
199				22				23				50				0 						127				23				177
208				21				22				41				19 						146				22				187
213				17				15				47				25 						152				15				199
215				29				29				34				19 						153				29				187
224				6				9				42				37 						174				9				216
226				15				13				44				25 						170				13				214

Processes: 69
Avg WT: 49, 		Avg RT = 49, 		Avg TRT = 67
Migration %: 			RTF = 28.9855%, 		MaxW = 27.5362%
Work Steal %: 2.89855%
Forked Process: 49.2754%
Killed Process: 1.44928%
Early Process: 46.3768%

Processors: 8[3 FCFS, 2 SJR, 2 RR, 1 EDF]
Processors Load
p1 = 3.41275%,		p2 = 3.21957%,		p3 = 2.70444%,		p4 = 3.04786%,		p5 = 2.61859%,		p6 = 4.5718%,		p7 = 4.14252%,		p8 = 2.38249%


Processors Utiliz
p1 = 70.0441%,		p2 = 66.0793%,		p3 = 55.5066%,		p4 = 62.5551%,		p5 = 53.7445%,		p6 = 93.8326%,		p7 = 86.9369%,		p8 = 51.1521%
Avg utilization = 67.4814
