TT				PID				AT				CT				IO_D					WT				RT				TRT
11				4				5				6				0 						1				5				7
34				3				4				31				0 						0				4				31
34				37				34				1				0 						1				34				1
34				36				23				12				0 						12				23				12
45				11				13				11				0 						22				13				33
48				23				26				1				4 						22				26				23
50				7				9				2				13 						40				9				42
56				17				19				11				0 						27				19				38
63				28				30				13				0 						21				30				34
92				30				30				29				0 						34				30				63
93				15				18				2				14 						74				18				76
113				38				62				45				0 						7				62				52
113				41				97				17				0 						17				97				17
113				40				92				22				0 						22				92				22
127				32				32				34				0 						62				32				96
129				33				33				6				24 						91				33				97
131				6				7				20				14 						105				7				125
132				5				6				33				0 						94				6				127
153				1				1				41				26 						112				1				153
156				39				64				43				0 						50				64				93
156				43				137				20				0 						20				137				20
156				42				133				24				0 						24				133				24
158				9				10				47				13 						102				10				149
165				34				33				2				21 						131				33				133
206				21				25				48				0 						134				25				182
208				31				30				10				36 						169				30				179
211				35				35				24				0 						153				35				177
212				18				19				26				18 						168				19				194
214				24				27				28				3 						160				27				188
216				8				10				31				0 						176				10				207
218				26				28				40				0 						151				28				191
219				12				15				47				11 						158				15				205
236				19				22				33				13 						182				22				215
238				20				25				45				23 						169				25				214
242				2				2				37				20 						204				2				241
244				22				26				42				28 						177				26				219
247				27				29				43				24 						176				29				219
249				13				16				49				17 						185				16				234
251				29				30				36				14 						186				30				222
253				16				18				48				3 						188				18				236
254				10				12				48				8 						195				12				243
258				14				17				42				24 						200				17				242
265				25				27				50				28 						189				27				239

Processes: 43
Avg WT: 102, 		Avg RT = 30, 		Avg TRT = 128
Migration %: 			RTF = 62.7907%, 		MaxW = 37.2093%
Work Steal %: 2.32558%
Forked Process: 18.6047%
Killed Process: 0%
Early Process: 32.5581%

Processors: 5[1 FCFS, 1 SJR, 3RR]
Processors Load
p1 = 2.79238%,		p2 = 4.04352%,		p3 = 4.18858%,		p4 = 4.46056%,		p5 = 4.35177%


Processors Utiliz
p1 = 57.8947%,		p2 = 83.8346%,		p3 = 88.5057%,		p4 = 92.4812%,		p5 = 90.2256%
Avg utilization = 82.5884
