TT				PID				AT				CT				IO_D					WT				RT				TRT
14				36				1				14				0 						0				1				14
14				39				13				2				0 						2				13				2
14				37				2				13				0 						9				2				13
28				8				10				19				0 						0				10				19
29				4				5				5				3 						20				5				25
35				14				12				22				5 						2				12				24
37				20				22				8				0 						8				22				16
43				38				5				29				0 						10				5				39
43				45				31				13				0 						13				31				13
43				42				28				21				0 						16				28				16
43				44				31				18				0 						13				31				13
51				5				6				28				11 						18				6				46
62				28				29				23				0 						11				29				34
77				40				15				39				0 						24				15				63
77				54				64				14				0 						14				64				14
77				53				62				16				0 						16				62				16
83				25				25				12				8 						47				25				59
43				41				17				27				0 						0				17				27
88				47				48				40				0 						1				48				41
88				51				58				31				0 						31				58				31
88				48				49				40				0 						40				49				40
93				35				35				11				8 						48				35				59
93				55				75				9				0 						19				75				19
93				58				93				1				0 						1				93				1
97				43				31				18				0 						49				31				67
97				57				84				14				0 						14				84				14
100				9				10				39				0 						52				10				91
113				46				33				16				0 						65				33				81
120				13				12				36				34 						73				12				109
123				59				94				30				0 						0				94				30
123				60				107				17				0 						1				107				17
128				52				60				15				0 						54				60				69
128				62				122				7				0 						7				122				7
128				61				116				13				0 						13				116				13
133				56				78				5				0 						51				78				56
133				65				133				1				0 						1				133				1
135				23				24				43				25 						69				24				112
137				26				25				15				21 						98				25				113
142				11				11				26				15 						106				11				132
151				21				22				41				19 						89				22				130
152				50				55				20				0 						78				55				98
152				2				1				14				11 						138				1				152
153				63				125				28				0 						1				125				29
153				67				149				5				0 						4				149				5
153				66				133				21				0 						21				133				21
153				1				1				33				14 						120				1				153
159				24				24				25				20 						111				24				136
165				31				32				18				13 						116				32				134
166				18				20				22				0 						125				20				147
166				15				13				44				25 						110				13				154
166				64				130				23				0 						24				130				37
168				16				14				32				14 						123				14				155
166				49				53				35				0 						79				53				114
172				32				34				27				23 						112				34				139
185				10				10				39				31 						137				10				176
186				29				29				34				19 						124				29				158
188				33				34				40				0 						115				34				155
189				30				30				5				25 						155				30				160
191				27				27				9				29 						156				27				165
192				17				15				47				25 						131				15				178
197				22				23				50				0 						125				23				175
199				7				9				21				15 						170				9				191
200				34				34				23				0 						144				34				167
200				12				11				37				22 						153				11				190
203				3				2				31				17 						171				2				202
203				19				21				29				21 						154				21				183
205				6				9				42				37 						155				9				197

Processes: 67
Avg WT: 62, 		Avg RT = 40, 		Avg TRT = 81
Migration %: 			RTF = 37.3134%, 		MaxW = 40.2985%
Work Steal %: 1.49254%
Forked Process: 47.7612%
Killed Process: 0%
Early Process: 62.6866%

Processors: 8[3 FCFS, 2 SJR, 2RR]
Processors Load
p1 = 2.80374%,		p2 = 2.62049%,		p3 = 2.58384%,		p4 = 3.62837%,		p5 = 2.84039%,		p6 = 3.02364%,		p7 = 3.40847%,		p8 = 2.80374%


Processors Utiliz
p1 = 74.2718%,		p2 = 72.9592%,		p3 = 71.9388%,		p4 = 96.1165%,		p5 = 81.1518%,		p6 = 86.3874%,		p7 = 92.5373%,		p8 = 78.0612%
Avg utilization = 81.678
