TT				PID				AT				CT				IO_D					WT				RT				TRT
17				36				3				24				0 						15				3				15
17				37				4				23				0 						14				4				14
53				38				22				32				0 						32				22				32
53				39				23				31				0 						31				23				31
53				40				49				42				0 						5				49				5
53				41				50				41				0 						4				50				4
54				6				9				46				0 						0				9				46
64				2				4				34				14 						27				4				61
64				43				61				4				0 						4				61				4
64				42				59				6				0 						6				59				6
66				17				18				4				5 						45				18				49
67				10				12				7				4 						49				12				56
68				31				34				7				0 						28				34				35
73				1				3				24				0 						47				3				71
93				29				33				22				3 						39				33				61
93				45				75				19				0 						19				75				19
93				44				73				21				0 						21				73				21
112				18				18				7				0 						88				18				95
140				4				5				40				13 						96				5				136
163				46				140				22				0 						2				140				24
163				48				143				21				0 						21				143				21
163				47				142				22				0 						22				142				22
164				32				35				27				15 						103				35				130
165				27				30				4				13 						132				30				136
167				34				35				15				26 						118				35				133
179				35				35				28				2 						117				35				145
184				26				27				5				23 						153				27				158
188				49				164				23				0 						2				164				25
188				52				171				18				0 						18				171				18
188				51				167				22				0 						22				167				22
191				23				24				18				13 						150				24				168
196				12				13				21				25 						163				13				184
203				21				21				30				12 						153				21				183
210				50				165				22				0 						24				165				46
210				54				193				18				0 						18				193				18
210				53				191				20				0 						20				191				20
235				5				6				33				29 						197				6				230
247				8				11				24				21 						213				11				237
273				55				241				32				0 						1				241				33
273				57				244				30				0 						30				244				30
273				56				243				31				0 						31				243				31
296				33				35				31				0 						231				35				262
303				3				4				16				29 						284				4				300
331				13				15				34				0 						283				15				317
332				30				34				35				13 						264				34				299
352				14				15				46				0 						292				15				338
372				9				11				48				13 						314				11				362
372				16				17				40				29 						316				17				356
375				20				20				37				17 						319				20				356
380				58				365				13				0 						3				365				16
380				61				370				11				0 						11				370				11
380				60				369				12				0 						12				369				12
383				11				13				49				24 						322				13				371
384				15				17				28				6 						340				17				368
392				59				366				12				0 						15				366				27
392				63				382				11				0 						11				382				11
392				62				381				12				0 						12				381				12
398				25				26				47				16 						326				26				373
399				19				18				39				36 						343				18				382
399				24				25				33				0 						342				25				375
400				7				10				41				7 						350				10				391
407				28				33				41				14 						334				33				375
408				22				22				44				0 						343				22				387

Processes: 63
Avg WT: 116, 		Avg RT = 88, 		Avg TRT = 134
Migration %: 			RTF = 17.4603%, 		MaxW = 39.6825%
Work Steal %: 6.34921%
Forked Process: 44.4444%
Killed Process: 0%
Early Process: 12.6984%

Processors: 4[1 FCFS, 1 SJR, 1 RR, 1 EDF]
Processors Load
p1 = 2.53657%,		p2 = 3.72817%,		p3 = 3.88155%,		p4 = 3.06748%


Processors Utiliz
p1 = 56.5789%,		p2 = 83.8196%,		p3 = 91.1357%,		p4 = 71.2329%
Avg utilization = 75.6918
