TT				PID				AT				CT				IO_D					WT				RT				TRT
136				3				3				134				0 						-1				3				133
136				621				11				126				0 						-1				11				125
136				870				37				100				0 						-1				37				99
136				229				32				126				0 						-22				32				104
136				32				62				96				0 						-22				62				74
199				265				3				55				0 						141				3				196
227				9				18				134				0 						75				18				209
245				17				40				56				37 						149				40				205
245				52				219				22				0 						4				219				26
245				7				205				36				0 						4				205				40
274				5				6				56				37 						212				6				268
279				6				8				134				0 						137				8				271
287				14				32				56				37 						199				32				255
287				589				154				26				0 						107				154				133
295				8				15				56				37 						224				15				280
299				2				2				56				37 						241				2				297
313				23				55				56				37 						202				55				258
317				20				47				56				37 						214				47				270
375				30				67				134				0 						174				67				308
375				863				350				53				0 						-28				350				25
375				479				231				106				0 						38				231				144
375				423				241				96				0 						38				241				134
408				27				64				134				0 						210				64				344
408				191				302				107				0 						-1				302				106
463				21				49				134				0 						280				49				414
506				24				56				134				0 						316				56				450
506				567				408				61				0 						37				408				98
506				314				396				73				0 						37				396				110
506				650				466				59				0 						-19				466				40
506				608				455				70				0 						-19				455				51
517				301				282				96				0 						139				282				235
517				575				451				67				0 						-1				451				66
517				778				501				17				0 						-1				501				16
545				18				41				134				0 						370				41				504
562				29				66				56				37 						440				66				496
581				801				546				30				0 						5				546				35
591				12				21				134				0 						436				21				570
591				967				540				12				0 						39				540				51
654				15				35				134				0 						485				35				619
678				19				42				200				37 						436				42				636
678				809				622				57				0 						-1				622				56
678				502				634				45				0 						-1				634				44
688				11				20				56				37 						612				20				668
705				844				412				32				0 						261				412				293
707				28				65				200				37 						442				65				642
726				13				27				200				37 						499				27				699
743				199				669				45				0 						29				669				74
743				948				741				3				0 						-1				741				2
784				540				635				79				0 						70				635				149
788				26				63				56				37 						669				63				725
790				22				53				200				37 						537				53				737
794				426				289				89				0 						416				289				505
805				1				0				200				0 						605				0				805
817				10				19				200				37 						598				19				798
830				4				5				200				37 						625				5				825
841				7				9				200				37 						632				9				832
841				671				833				9				0 						-1				833				8
845				16				36				200				37 						609				36				809
854				25				57				200				37 						597				57				797

Processes: 59
Avg WT: 211, 		Avg RT = 199, 		Avg TRT = 307
Migration %: 			RTF = 33.8983%, 		MaxW = 15.2542%
Work Steal %: 33.8983%
Forked Process: 49.1525%
Killed Process: 0%

Processors: 6[2 FCFS, 2 SJR, 2RR]
Processors Load
p1 = 20.7368%,		p2 = 23.3343%,		p3 = 28.0721%,		p4 = 10.9133%,		p5 = inf%,		p6 = inf%


Processors Utiliz
p1 = 92.1637%,		p2 = 91.345%,		p3 = 91.1111%,		p4 = 88.8889%,		p5 = 83.8596%,		p6 = 82.1053%
Avg utilization = 88.2456
