TT				PID				AT				CT				IO_D					WT				RT				TRT
175				3				3				134				0 						38				3				172
249				6				8				134				0 						107				8				241
295				18				41				134				0 						120				41				254
295				952				218				78				0 						-1				218				77
338				27				64				134				0 						140				64				274
360				11				20				56				37 						284				20				340
365				15				35				134				0 						196				35				330
371				824				253				19				0 						99				253				118
378				24				56				134				0 						188				56				322
378				558				337				42				0 						-1				337				41
378				723				311				68				0 						-1				311				67
421				5				6				56				37 						359				6				415
425				23				55				56				37 						314				55				370
429				14				32				56				37 						341				32				397
439				563				318				60				0 						61				318				121
439				185				414				26				0 						-1				414				25
443				2				2				56				37 						385				2				441
460				470				377				17				0 						66				377				83
469				30				67				134				0 						268				67				402
469				584				325				53				0 						91				325				144
474				8				15				56				37 						403				15				459
491				29				66				56				37 						369				66				425
495				20				47				56				37 						392				47				448
554				21				49				134				0 						371				49				505
557				1				0				200				0 						357				0				557
557				739				481				77				0 						-1				481				76
557				35				534				24				0 						-1				534				23
559				9				18				134				0 						407				18				541
585				12				21				134				0 						430				21				564
593				422				70				131				0 						392				70				523
602				716				403				114				0 						85				403				199
602				403				579				24				0 						-1				579				23
602				23				550				53				0 						-1				550				52
602				17				40				56				37 						506				40				562
634				26				63				56				37 						515				63				571
712				25				57				200				37 						455				57				655
712				322				639				74				0 						-1				639				73
712				10				655				58				0 						-1				655				57
723				28				65				200				37 						458				65				658
741				4				5				200				37 						536				5				736
754				22				53				200				37 						501				53				701
796				123				621				88				0 						87				621				175
809				19				42				200				37 						567				42				767
821				7				9				200				37 						612				9				812
823				16				36				200				37 						587				36				787
824				13				27				200				37 						597				27				797
824				160				713				112				0 						-1				713				111
824				728				775				66				0 						-17				775				49
824				580				751				74				0 						-1				751				73
828				10				19				200				37 						609				19				809

Processes: 50
Avg WT: 245, 		Avg RT = 206, 		Avg TRT = 348
Migration %: 			RTF = 42%, 		MaxW = 16%
Work Steal %: 52%
Forked Process: 40%
Killed Process: 0%

Processors: 6[2 FCFS, 2 SJR, 2RR]
Processors Load
p1 = 29.9062%,		p2 = 18.6797%,		p3 = 12.4298%,		p4 = 19.9793%,		p5 = inf%,		p6 = inf%


Processors Utiliz
p1 = 92.2799%,		p2 = 94.2099%,		p3 = 93.4861%,		p4 = 93.2449%,		p5 = 91.5561%,		p6 = 80.6996%
Avg utilization = 90.9128
