TT				PID				AT				CT				IO_D					WT				RT				TRT
14				36				3				12				0 						0				3				12
14				37				3				12				0 						4				3				12
14				39				4				11				0 						11				4				11
14				41				8				11				0 						7				8				7
14				40				7				12				0 						8				7				8
25				38				4				11				0 						11				4				22
25				45				16				10				0 						10				16				10
25				43				15				11				0 						11				15				11
33				3				5				2				15 						27				5				29
33				49				33				1				0 						1				33				1
41				2				4				38				0 						0				4				38
44				42				15				11				0 						19				15				30
44				51				35				10				0 						10				35				10
44				50				34				11				0 						11				34				11
47				6				7				41				0 						0				7				41
49				17				16				5				0 						29				16				34
49				55				46				4				0 						4				46				4
49				53				45				5				0 						5				45				5
51				8				8				11				1 						33				8				44
52				24				22				6				12 						25				22				31
63				21				19				11				0 						34				19				45
66				9				9				21				14 						37				9				58
66				44				16				21				0 						32				16				51
66				56				48				21				0 						19				48				19
66				46				17				20				0 						50				17				50
66				57				49				20				0 						18				49				18
73				5				6				5				24 						63				6				68
81				33				31				11				0 						40				31				51
81				65				72				10				0 						10				72				10
81				64				71				11				0 						11				71				11
82				20				18				8				8 						57				18				65
85				14				14				17				0 						55				14				72
87				54				46				6				0 						36				46				42
87				67				83				5				0 						5				83				5
87				66				82				6				0 						6				82				6
88				30				28				3				28 						58				28				61
93				15				16				7				22 						71				16				78
93				52				45				7				0 						49				45				49
94				47				26				28				0 						41				26				69
94				62				67				28				0 						28				67				28
94				63				68				27				0 						27				68				27
94				1				3				12				33 						80				3				92
103				12				13				28				6 						63				13				91
103				48				27				27				0 						68				27				77
103				70				95				27				0 						9				95				9
103				71				96				26				0 						8				96				8
104				27				26				24				1 						55				26				79
104				61				53				23				0 						52				53				52
104				60				52				24				0 						36				52				53
104				69				89				23				0 						16				89				16
104				68				88				24				0 						17				88				17
107				18				17				13				31 						78				17				91
119				58				50				16				0 						54				50				70
119				72				104				16				0 						16				104				16
119				73				105				15				0 						1				105				15
119				75				106				14				0 						14				106				14
119				74				105				15				0 						15				105				15
130				10				9				28				9 						94				9				122
132				19				18				16				11 						99				18				115
132				59				51				15				0 						69				51				82
132				79				121				14				0 						12				121				12
132				76				120				15				0 						0				120				13
132				78				121				14				0 						12				121				12
132				77				120				15				0 						13				120				13
135				22				19				25				16 						92				19				117
139				11				11				14				5 						115				11				129
144				25				23				35				8 						87				23				122
156				35				35				30				0 						92				35				122
156				13				14				39				38 						104				14				143
162				4				5				48				0 						110				5				158
167				16				16				23				18 						129				16				152
188				34				32				46				0 						111				32				157
188				23				20				41				0 						128				20				169
193				26				23				23				19 						148				23				171
214				32				29				38				12 						148				29				186
219				29				27				32				10 						161				27				193
230				28				27				44				8 						160				27				204
231				31				29				42				16 						161				29				203
232				7				7				47				23 						179				7				226

Processes: 79
Avg WT: 47, 		Avg RT = 38, 		Avg TRT = 60
Migration %: 			RTF = 27.8481%, 		MaxW = 46.8354%
Work Steal %: 37.9747%
Forked Process: 55.6962%
Killed Process: 0%

Processors: 6[2 FCFS, 2 SJR, 2RR]
Processors Load
p1 = 2.71399%,		p2 = 2.69311%,		p3 = 3.29854%,		p4 = 2.79749%,		p5 = 4.69729%,		p6 = 4.63466%


Processors Utiliz
p1 = 55.794%,		p2 = 55.3648%,		p3 = 67.8112%,		p4 = 57.5107%,		p5 = 96.5665%,		p6 = 95.279%
Avg utilization = 71.3877
