TT				PID				AT				CT				IO_D					WT				RT				TRT
32				3				5				2				15 						26				5				28
41				2				4				38				0 						0				4				38
47				6				7				41				0 						0				7				41
51				17				16				5				0 						31				16				36
58				14				14				17				0 						28				14				45
69				21				19				11				0 						40				19				51
74				35				35				30				0 						10				35				40
79				10				9				28				9 						43				9				71
81				11				11				14				5 						57				11				71
81				5				6				5				24 						71				6				76
82				24				22				6				12 						55				22				61
84				20				18				8				8 						59				18				67
85				8				8				11				1 						67				8				78
87				9				9				21				14 						58				9				79
90				12				13				28				6 						50				13				78
98				30				28				3				28 						68				28				71
100				18				17				13				31 						71				17				84
100				19				18				16				11 						67				18				83
109				33				31				11				0 						68				31				79
113				1				3				12				33 						99				3				111
114				27				26				24				1 						65				26				89
123				25				23				35				8 						66				23				101
125				16				16				23				18 						87				16				110
127				26				23				23				19 						82				23				105
128				22				19				25				16 						85				19				110
129				4				5				48				0 						77				5				125
131				23				20				41				0 						71				20				112
133				31				29				42				16 						63				29				105
134				15				16				7				22 						112				16				119
136				28				27				44				8 						66				27				110
138				32				29				38				12 						72				29				110
145				29				27				32				10 						87				27				119
147				7				7				47				23 						94				7				141
159				34				32				46				0 						82				32				128
163				13				14				39				38 						111				14				150

Processes: 35
Avg WT: 62, 		Avg RT = 17, 		Avg TRT = 86
Migration %: 			RTF = 62.8571%, 		MaxW = 0%
Work Steal %: 2.85714%
Forked Process: 0%
Killed Process: 0%

Processors: 6[2 FCFS, 1 SJR, 3RR]
Processors Load
p1 = 5.06287%,		p2 = 4.79815%,		p3 = 4.30179%,		p4 = 4.56651%,		p5 = 4.43415%,		p6 = 4.23561%


Processors Utiliz
p1 = 93.2927%,		p2 = 88.4146%,		p3 = 79.2683%,		p4 = 84.1463%,		p5 = 81.7073%,		p6 = 78.0488%
Avg utilization = 84.1463
