TT				PID				AT				CT				IO_D					WT				RT				TRT
34				3				4				31				0 						-1				4				30
35				23				26				1				4 						8				26				9
40				4				5				6				0 						29				5				35
46				887				7				35				0 						4				7				39
46				611				28				19				0 						-1				28				18
66				5				6				33				0 						27				6				60
67				7				9				2				13 						56				9				58
69				17				19				11				0 						39				19				50
71				11				13				11				0 						47				13				58
80				15				18				2				14 						60				18				62
80				216				80				1				0 						-1				80				0
86				8				10				31				0 						45				10				76
88				393				24				38				0 						26				24				64
88				860				51				38				0 						-1				51				37
101				738				84				11				0 						6				84				17
101				804				99				3				0 						-1				99				2
101				807				98				4				0 						-1				98				3
120				32				32				34				0 						54				32				88
122				6				7				20				14 						95				7				115
123				18				19				26				18 						78				19				104
144				34				33				2				21 						109				33				111
147				24				27				28				3 						92				27				120
149				33				33				6				24 						110				33				116
156				31				30				10				36 						116				30				126
164				26				103				38				0 						23				103				61
164				219				140				25				0 						-1				140				24
164				56				164				2				0 						-2				164				0
164				291				154				12				0 						-2				154				10
164				157				128				37				0 						-1				128				36
181				35				35				24				0 						122				35				146
184				245				57				32				0 						95				57				127
185				21				25				48				0 						112				25				160
185				502				113				23				0 						49				113				72
192				10				12				48				8 						132				12				180
192				22				113				28				0 						51				113				79
192				869				165				28				0 						-1				165				27
192				680				179				14				0 						-1				179				13
207				1				1				41				26 						165				1				206
207				942				204				4				0 						-1				204				3
207				377				202				6				0 						-1				202				5
208				28				30				13				0 						165				30				178
209				30				30				29				0 						150				30				179
212				19				22				33				13 						157				22				190
213				29				30				36				14 						147				30				183
215				2				2				37				20 						176				2				213
216				20				25				45				23 						146				25				191
219				9				10				47				13 						162				10				209
220				22				26				42				28 						152				26				194
220				891				206				26				0 						-12				206				14
220				793				39				39				0 						142				39				181
220				243				207				25				0 						-12				207				13
229				26				28				40				0 						161				28				201
229				961				211				19				0 						-1				211				18
229				448				208				22				0 						-1				208				21
229				782				223				20				0 						-14				223				6
237				14				17				42				24 						178				17				220
239				12				15				47				11 						177				15				224
239				883				239				1				0 						-1				239				0
240				27				29				43				24 						168				29				211
241				16				18				48				3 						175				18				223
242				13				16				49				17 						177				16				226
245				25				27				50				28 						168				27				218
245				776				244				2				0 						-1				244				1
245				942				243				3				0 						-1				243				2

Processes: 64
Avg WT: 67, 		Avg RT = 73, 		Avg TRT = 91
Migration %: 			RTF = 43.75%, 		MaxW = 0%
Work Steal %: 3.125%
Forked Process: 45.3125%
Killed Process: 0%

Processors: 6[2 FCFS, 1 SJR, 3RR]
Processors Load
p1 = 23.9872%,		p2 = 30.9859%,		p3 = 5.8662%,		p4 = inf%,		p5 = inf%,		p6 = inf%


Processors Utiliz
p1 = 96.9828%,		p2 = 87.6106%,		p3 = 95.5285%,		p4 = 90.2439%,		p5 = 88.5593%,		p6 = 70.5628%
Avg utilization = 88.248
