TT				PID				AT				CT				IO_D					WT				RT				TRT
28				8				8				11				1 						9				8				20
28				170				19				10				0 						-1				19				9
28				235				28				1				0 						-1				28				0
39				21				19				11				0 						9				19				20
41				2				4				38				0 						-1				4				37
41				950				37				5				0 						-1				37				4
47				6				7				41				0 						-1				7				40
48				3				5				2				15 						41				5				43
50				5				6				5				24 						39				6				44
52				17				16				5				0 						31				16				36
54				20				18				8				8 						28				18				36
64				11				11				14				5 						39				11				53
66				24				22				6				12 						38				22				44
66				898				63				4				0 						-1				63				3
92				15				16				7				22 						69				16				76
97				33				31				11				0 						55				31				66
98				14				14				17				0 						67				14				84
107				31				106				13				0 						-12				106				1
112				19				18				16				11 						78				18				94
115				9				9				21				14 						85				9				106
116				1				3				12				33 						101				3				113
118				489				98				20				0 						0				98				20
118				640				113				6				0 						-1				113				5
118				978				99				20				0 						-1				99				19
130				12				13				28				6 						89				13				117
130				14				108				10				0 						12				108				22
130				934				44				26				0 						60				44				86
130				453				130				5				0 						-5				130				0
130				39				45				25				0 						60				45				85
136				22				19				25				16 						92				19				117
136				30				28				3				28 						105				28				108
137				18				17				13				31 						107				17				120
141				27				26				24				1 						91				26				115
141				778				88				10				0 						43				88				53
142				23				20				41				0 						81				20				122
142				74				64				24				0 						54				64				78
142				203				57				31				0 						54				57				85
146				953				6				36				0 						104				6				140
150				209				70				20				0 						60				70				80
150				570				140				11				0 						-1				140				10
160				10				9				28				9 						123				9				151
169				16				16				23				18 						130				16				153
172				109				68				22				0 						82				68				104
172				584				157				16				0 						-1				157				15
172				266				171				2				0 						-1				171				1
172				933				168				5				0 						-1				168				4
172				159				165				8				0 						-1				165				7
172				25				23				35				8 						114				23				149
173				28				27				44				8 						102				27				146
173				786				123				36				0 						14				123				50
173				632				128				31				0 						14				128				45
175				34				32				46				0 						97				32				143
177				26				23				23				19 						131				23				154
178				29				27				32				10 						119				27				151
178				639				178				1				0 						-1				178				0
180				31				29				42				16 						109				29				151
181				7				7				47				23 						127				7				174
186				32				29				38				12 						119				29				157
187				929				182				6				0 						-1				182				5
187				413				184				4				0 						-1				184				3
195				35				35				30				0 						130				35				160
197				4				5				48				0 						144				5				192
201				13				14				39				38 						148				14				187

Processes: 63
Avg WT: 53, 		Avg RT = 54, 		Avg TRT = 73
Migration %: 			RTF = 44.4444%, 		MaxW = 0%
Work Steal %: 12.6984%
Forked Process: 44.4444%
Killed Process: 1.5873%

Processors: 6[2 FCFS, 1 SJR, 3RR]
Processors Load
p1 = 31.7554%,		p2 = 30.8571%,		p3 = 5.97015%,		p4 = 62.1951%,		p5 = 160.684%,		p6 = 43.7995%


Processors Utiliz
p1 = 88.4615%,		p2 = 84.375%,		p3 = 76.9231%,		p4 = 81.8182%,		p5 = 93.0693%,		p6 = 84.264%
Avg utilization = 84.8185
