TT				PID				AT				CT				IO_D					WT				RT				TRT
2				1				1				2				0 						-1				1				1
6				2				1				5				0 						0				1				5
9				22				8				2				0 						-1				8				1
17				25				14				3				0 						0				14				3
23				21				7				5				0 						11				7				16
31				4				2				30				0 						-1				2				29
35				26				17				4				0 						14				17				18
40				24				13				5				0 						22				13				27
47				9				2				7				0 						38				2				45
54				29				20				7				0 						27				20				34
61				5				2				10				0 						49				2				59
72				15				3				11				0 						58				3				69
77				7				2				11				0 						64				2				75
86				16				5				15				0 						66				5				81
94				17				5				19				0 						70				5				89
102				3				2				20				0 						80				2				100
105				8				2				99				0 						4				2				103
110				28				19				5				0 						86				19				91
110				18				5				23				0 						82				5				105
117				14				3				30				0 						84				3				114
119				23				11				9				0 						99				11				108
127				6				2				11				0 						114				2				125
134				11				2				13				0 						119				2				132
143				30				25				15				0 						103				25				118
150				12				3				16				0 						131				3				147
159				13				3				27				0 						129				3				156
168				19				5				50				0 						113				5				163
168				10				2				33				0 						133				2				166
198				20				5				99				0 						94				5				193
202				27				18				100				0 						84				18				184

Processes: 30
Avg WT: 62, 		Avg RT = 6, 		Avg TRT = 85
Migration %: 			RTF = 73.3333%, 		MaxW = 126.667%
Work Steal %: 0%
Forked Process: 0%
Killed Process: 0%

Processors: 6[2 FCFS, 2 SJR, 2RR]
Processors Load
p1 = 9.52381%,		p2 = 62.5%,		p3 = 12.9464%,		p4 = 16.5209%,		p5 = inf%,		p6 = inf%


Processors Utiliz
p1 = 8.98876%,		p2 = 5.18135%,		p3 = 85.7143%,		p4 = 88.0829%,		p5 = 93.7824%,		p6 = 66.8394%
Avg utilization = 58.0982
